 0.00116936  0.00183691 0.000137013 4.18693e-06 5.90715e-05 0.000659266 0.000386049 1.26611e-05 1.10039e-05 0.000370247 0.000866617 6.80667e-05 2.51484e-06  6.0538e-05 0.000728867 0.000346177
 0.00130025   0.0014578 0.000108427 5.42425e-06 6.74033e-05 0.000661699 0.000699706 5.40131e-05 5.14786e-06 9.04513e-05  0.00104678 0.000347387 5.40177e-07 1.26096e-05 0.000346734 0.000538194
 0.00138716  0.00109385  8.2805e-05  5.8035e-06 8.16108e-05 0.000820421 0.000761433 8.10581e-05 5.88488e-06 8.61353e-05 0.000865503  0.00037452 5.37215e-07 1.23588e-05 0.000363996 0.000495124
 0.00126973  0.00140955 9.57761e-05 5.18566e-06 6.68262e-05 0.000677954 0.000649922 6.12515e-05 5.31536e-06 9.37953e-05 0.000895507 0.000424268 5.22481e-07 1.11152e-05 0.000305883 0.000549115
 0.00126259  0.00125844 7.94342e-05 4.41422e-06 7.51725e-05 0.000850582 0.000567093 5.57415e-05  6.8402e-06 0.000121035 0.000982639 0.000400039 6.44318e-07 1.24957e-05 0.000322565 0.000553266
 0.00127845  0.00140696 0.000114511 5.76038e-06 6.45573e-05 0.000591894 0.000716221 5.64458e-05 4.81757e-06 8.60953e-05 0.000982374 0.000337837 5.11778e-07 1.20402e-05 0.000335313 0.000527968
 0.00128622   0.0010719 7.52087e-05 3.97129e-06 8.26978e-05 0.000919095 0.000559604 4.21756e-05 7.04855e-06 0.000117092  0.00120807 0.000281208  6.8064e-07 1.44946e-05 0.000369106 0.000516414
 0.00117863  0.00149078  0.00011473 6.33151e-06 6.04226e-05 0.000567121  0.00078877 7.00447e-05 4.35256e-06 7.40628e-05 0.000828245 0.000414563 4.37542e-07 1.01198e-05 0.000288811 0.000602968
 0.00129855  0.00122736 9.72421e-05 5.56344e-06 7.18737e-05  0.00071643 0.000695743 6.69115e-05 5.70027e-06 9.55336e-05 0.000889204 0.000398882  5.4195e-07 1.15875e-05 0.000322272 0.000551001
 0.00119744  0.00127661 9.80263e-05 5.73519e-06 6.77094e-05 0.000687571 0.000713085 7.43107e-05 5.09935e-06  8.1999e-05 0.000790549 0.000483016 4.75754e-07 1.04018e-05 0.000303756 0.000563331
0.000803213 0.000533141  0.00155906 0.000118577 3.00895e-05 7.26827e-05 0.000866436 0.000230884 4.21817e-06 0.000179683  0.00124163 9.18019e-05 1.67467e-06 5.20697e-05 0.000720059  0.00025721
 0.00123561 6.71162e-05   0.0078576   0.0036277 0.000591988  0.00676026    0.289932   0.0449862 0.000250386  0.00355651   0.0333924   0.0118852 7.66266e-05    0.001759   0.0025395 0.000673021
 0.00127569 0.000725135 0.000135361 1.14122e-05 0.000975004  0.00278525  0.00167206 0.000128862   0.0155785    0.137257   0.0101655 0.000439415   0.0149795    0.126635   0.0112079 0.000568154
 0.00165705 0.000366305  0.00593415  0.00218048 0.000500447  0.00956529    0.287975   0.0279357 0.000199604  0.00535259   0.0518176   0.0113981 2.34252e-05 0.000326356  0.00183933 0.000855039
 0.00151464  0.00110915    0.001113 2.12742e-05   0.0127088  0.00718453 0.000530192 2.23718e-05 0.000257164 0.000293602  0.00118033 0.000155299 5.39475e-06  1.6114e-05 0.000223577 0.000663757
 0.00211953 0.000460901 6.29476e-05 1.29143e-06  0.00288189  0.00128978 4.58534e-05 1.38726e-06 0.000231472   0.0011446 9.42892e-05 8.98753e-06 4.54207e-05 0.000616457  0.00118445 9.64658e-05
  0.0012247  0.00135407  0.00139844 2.72885e-05  0.00542468  0.00409176 0.000495752 1.73865e-05 0.000113074 0.000219548 0.000815865 6.25568e-05 3.36992e-06 4.69261e-05  0.00123675 0.000887836
 0.00124955  0.00126504   0.0012523 3.25216e-05  0.00653089     0.00264  0.00142857   5.514e-05 0.000129879 0.000457316  0.00154074 0.000131512 5.33067e-06 7.43876e-05 0.000452133 0.000392655
0.000792539  0.00124695   0.0021837 4.25108e-05   0.0152112   0.0123316  0.00104255  4.4844e-05  0.00033669 0.000395064  0.00105784  0.00016575 7.08683e-06 2.03624e-05 0.000404462 0.000294005
 0.00123464 0.000351234  0.00788791   0.0036318 0.000679268  0.00748723    0.290333    0.045101 0.000256424  0.00364131   0.0344662   0.0133084 7.76938e-05  0.00179907  0.00360974  0.00105514
 0.00202578 0.000196357  0.00529094 0.000442092  0.00262162    0.117516    0.112072  0.00229139  0.00117643   0.0243788    0.023886  0.00121328 9.17122e-05 0.000660902  0.00195802  0.00250758
  0.0012719   0.0016264  0.00269873 6.40145e-05   0.0497823    0.152713   0.0043017 8.97902e-05   0.0025333  0.00446355  0.00150024 0.000106127 6.22969e-05 0.000137079  0.00114543 0.000413347
 0.00165887 0.000874726  0.00713582 0.000150761  0.00610242    0.013574  0.00246443 0.000189907 0.000170034 0.000278993 0.000445463  0.00024832 3.85635e-06 1.37603e-05  0.00035876 0.000450384
 0.00142319 0.000289352  0.00013303 6.99649e-06   0.0119559  0.00216635 0.000419954  0.00018046 0.000240092 0.000159477 0.000825801  0.00218085 4.91286e-06 1.04019e-05 0.000215064  0.00059622
 0.00189078 0.000260086 0.000247416 8.30029e-06  0.00537015  0.00274208 0.000520639 0.000102227 0.000110268 0.000197023 0.000585371 0.000729149 2.58183e-06  8.6675e-06 0.000135252  0.00146412
 0.00117139  0.00114369  0.00388186 0.000346584   0.0498497    0.152864  0.00497085  0.00136932  0.00253508  0.00447215  0.00161647 0.000603686 6.24342e-05 0.000141918  0.00135934  0.00079305
 0.00194666 0.000494767 0.000750309 4.31127e-05   0.0181814    0.005762 0.000910211 0.000756633 0.000342527 0.000186116 0.000104069  0.00106399 6.40301e-06  7.1487e-06  0.00014361  0.00070995
  0.0010852  0.00109169 0.000410515 1.44106e-05   0.0118785  0.00118799  0.00103095 0.000110598 0.000255333 8.79612e-05 0.000543246 0.000628976 5.14531e-06 8.27397e-06  0.00020696  0.00072153
 0.00150888 6.94372e-05 0.000416999 1.49869e-05   0.0128298  0.00191139  0.00115046 0.000119232  0.00030724 0.000433394  0.00144672 0.000724744 7.56962e-06 3.25738e-05 0.000572833  0.00109476
 0.00118602  0.00106806  0.00274813 6.77887e-05   0.0498922    0.153624  0.00479982  0.00015153  0.00254028  0.00453131  0.00224466 0.000482148   6.277e-05 0.000146846  0.00143643  0.00105972
 0.00315584 0.000340131  0.00349021 6.57679e-05  0.00624393  0.00892097  0.00105534 3.50776e-05 0.000153131 0.000321955 0.000960064   4.752e-05 4.29075e-06 4.36234e-05 0.000757276  0.00018607
 0.00142284 0.000227374  0.00037499 7.23172e-06  0.00592229  0.00195171 0.000121393 6.42785e-06 0.000295622  0.00160632 0.000591486 7.85726e-05 1.43441e-05 7.05941e-05 0.000604154  0.00209665
0.000952808  0.00126466  0.00192064 0.000125269   0.0259806   0.0155308   0.0020169 0.000952318 0.000563455 0.000451395 0.000556788 0.000540489 1.11877e-05  2.3585e-05 0.000492677  0.00036656
 0.00101017 0.000791464 0.000863571 0.000138188   0.0158154  0.00212176 0.000428509  0.00162159 0.000296634 9.31876e-05 0.000102662  0.00179362 5.52972e-06 4.92128e-06 0.000116604 0.000827433
 0.00123855 0.000296129 0.000605846  1.1391e-05  0.00915083  0.00391936 0.000199646 8.59648e-06 0.000220652  0.00124528 0.000481735  9.8303e-05 1.54124e-05 0.000241977  0.00201549  0.00079403
 0.00188013 8.24793e-05 0.000380032 7.59826e-06  0.00664765  0.00258809 0.000201307 1.11614e-05 0.000445013  0.00293543  0.00136484 0.000112895 2.53236e-05 0.000205899  0.00186036  0.00222685
0.000870973 0.000707856  0.00198777 0.000303002   0.0106272  0.00088925  0.00030105  0.00107224 0.000226858 5.12254e-05  0.00011989  0.00112229 4.56839e-06 1.07666e-05 0.000467217 0.000945138
 0.00102597 0.000576354 0.000439882 2.47981e-05   0.0117716  0.00142436 0.000736526 0.000261232 0.000227177 7.24293e-05 0.000268782  0.00310355 4.49715e-06 1.48801e-05 0.000607281 0.000717129
  0.0013509   0.0012527 0.000773998 4.97577e-05   0.0118204  0.00167032  0.00199946 0.000803208 0.000229114 9.20529e-05 0.000448036  0.00462209 4.64608e-06 1.88259e-05 0.000758731  0.00144414
 0.00260311 0.000295269 0.000617348 1.20144e-05   0.0098708  0.00472881 0.000319581 1.52318e-05 0.000279255  0.00160378  0.00127027 0.000161749 1.83559e-05 0.000278858  0.00249194  0.00119135
 0.00156321 0.000959777 0.000737208 2.08552e-05  0.00311508  0.00161288  0.00121446 7.97522e-05 5.93389e-05 5.69612e-05 0.000387644   0.0005339 1.26512e-06 7.25736e-06 0.000235519  0.00188148
  0.0010658  0.00101136  0.00142825  5.7273e-05   0.0105426  0.00421782  0.00162341 0.000262207 0.000200599  0.00013595 0.000501869 0.000493681 3.87392e-06 8.63083e-06 0.000215228 0.000576124
 0.00165394  0.00118617 0.000534328 3.01365e-05    0.016446   0.0020771  0.00231705 0.000177808 0.000315508 0.000115105 0.000458835 0.000344964 6.03148e-06 8.04069e-06 0.000191479  0.00106319
 0.00140591  0.00248741   0.0017451 6.43892e-05   0.0106562  0.00543818  0.00192908  0.00027553 0.000209932 0.000287772  0.00132701 0.000576488 4.89081e-06 3.27969e-05 0.000858627 0.000983339
0.000954921  0.00150614  0.00196893 7.21016e-05   0.0106991  0.00587543  0.00256489 0.000300333  0.00021583 0.000462108  0.00289095  0.00067678 5.97976e-06 6.09002e-05  0.00140672  0.00141523
  0.0012418   0.0012745   0.0014846 5.93766e-05   0.0106354  0.00550589  0.00190217 0.000277215 0.000211391 0.000314514  0.00165807 0.000614804 4.95395e-06 3.10817e-05 0.000774749 0.000894475
0.000831037  0.00095835  0.00039805 1.61725e-05  0.00491056 0.000614255  0.00142831 5.56279e-05 0.000104892 8.06354e-05  0.00122092 0.000190986 2.49812e-06 1.81982e-05 0.000522425 0.000603272
0.000935732 0.000943645 0.000162753  4.6966e-06   0.0148237  0.00267276 0.000355106 4.11408e-05 0.000297898 0.000238888   0.0011392 0.000404231 6.26892e-06 1.68044e-05 0.000339195  0.00052074
0.000723133 0.000581989  0.00103068 0.000228536   0.0148474  0.00270281 0.000530811  0.00220338 0.000298485  0.00024225  0.00122791  0.00204766 6.34729e-06  2.0235e-05 0.000503026  0.00113401
 0.00108859 0.000906115 0.000438413  1.7421e-05  0.00498412  0.00146734  0.00154391  6.3562e-05 0.000131168 0.000873197  0.00234891 0.000286669 1.33981e-05 0.000336093  0.00146972 0.000868761
0.000734082 2.91962e-05 8.89916e-05 1.77789e-06  0.00754995 0.000896761 4.30985e-05 6.24079e-06 0.000355512  0.00112988 0.000318792   0.0002228 2.93616e-05 0.000324979 0.000819929  0.00255321
  0.0017627 0.000331071 7.26424e-05  1.4985e-06   0.0211527  0.00168065 7.53283e-05 4.55048e-06 0.000714055 0.000841603 0.000569512 5.48026e-05 1.81797e-05 5.33474e-05 0.000551313  0.00031662
0.000924312  0.00102973 0.000125407 2.88675e-06   0.0212395  0.00286486 0.000194165 8.76228e-06 0.000798733    0.003015  0.00090704 9.64239e-05 4.80307e-05 0.000435989  0.00214175 0.000676818
 0.00109571 6.94719e-05 9.19181e-05 1.98159e-06  0.00795213  0.00126329 6.54174e-05 1.15367e-05 0.000658584  0.00203638 0.000803745 0.000359577 0.000214773  0.00119502  0.00138539  0.00347992
 0.00183152 6.85034e-05 8.82201e-05 1.91327e-06    0.027358  0.00213479 0.000121327  6.9482e-06  0.00067933  0.00101467 0.000955801 5.37443e-05 1.74641e-05 5.71033e-05 0.000583184 0.000307812
0.000771553 0.000752504  0.00245784  0.00139388   0.0273835  0.00217307 0.000285689 0.000718951 0.000679996  0.00102015  0.00113168  0.00047205 1.75646e-05 6.13563e-05 0.000759128 0.000703743
0.000803505 4.28837e-05  0.00247094  0.00139597   0.0286298  0.00303748 0.000675999 0.000753811 0.000868153   0.0014247  0.00201583 0.000689617 2.32747e-05 8.10024e-05  0.00112659 0.000990146
 0.00115268 5.23713e-05  0.00247258  0.00139604    0.029388  0.00321147 0.000682489 0.000755273  0.00131788  0.00187205  0.00207866 0.000755864 7.67987e-05 0.000744326  0.00201562  0.00391116
 0.00136604  0.00129429  0.00263266  0.00140323   0.0294388  0.00363049  0.00160805 0.000795384  0.00132252   0.0019929  0.00359352 0.000865284 7.77032e-05 0.000771757  0.00265972  0.00420901
 0.00116043  0.00163256  0.00253152  0.00139605   0.0274635  0.00338815 0.000492771 0.000729288 0.000706795  0.00186967  0.00252474 0.000541916 2.16006e-05 0.000126691  0.00189618  0.00093066
  0.0015758 0.000534118 0.000719869 1.49975e-05  0.00784467  0.00395207 0.000493702 3.67674e-05 0.000152364 0.000163904 0.000747087 0.000324255 3.18842e-06 1.12538e-05 0.000263745   0.0010453
 0.00130082 0.000844653 0.000166046   7.957e-06   0.0119816  0.00115243  0.00109959 5.19918e-05 0.000260464 0.000109529  0.00129421 0.000128747 5.58184e-06 2.19724e-05  0.00056506 0.000297833
 0.00262668 0.000131512 0.000170991 8.27188e-06   0.0131527  0.00160241  0.00115355 5.69967e-05 0.000372383 0.000573524  0.00219454 0.000182065 1.01415e-05 6.20218e-05  0.00116362 0.000553864
0.000791695 0.000683813  0.00135781  3.6116e-05  0.00787564  0.00419072  0.00192993 0.000100777 0.000155432  0.00025495  0.00239311  0.00048757 3.83775e-06 3.11831e-05 0.000763851  0.00138861
 0.00145626 4.34083e-05 0.000114945 2.12001e-06   0.0150991  0.00149353 4.95413e-05 1.62916e-06  0.00122198 0.000171279 7.94269e-05 1.41338e-05  0.00134981  0.00162726  0.00124627 0.000145748
0.000655964 0.000122242 0.000125946 2.71321e-06   0.0153639  0.00292566 0.000176198 6.18359e-06  0.00127338  0.00129811 0.000424567  6.0062e-05  0.00136283  0.00199825  0.00448398 0.000646052
0.000964004 0.000949818 0.000499191  5.4065e-05   0.0153966  0.00300178 0.000876346 0.000587898  0.00127435  0.00130672 0.000641292  0.00162652  0.00136293  0.00200186  0.00462993  0.00173388
    0.00147  0.00139045 0.000578381 5.69032e-05   0.0155103  0.00427775  0.00116335 0.000611598  0.00132074  0.00222871  0.00207368  0.00185181  0.00136713  0.00203122  0.00485238  0.00211089
0.000936219 6.01956e-05 0.000581152 5.70882e-05   0.0182239   0.0046419  0.00119577 0.000614775  0.00187885  0.00278446  0.00253781  0.00190192  0.00138111  0.00206949  0.00521104  0.00241542
 0.00164732  6.7612e-05  0.00013085 3.23718e-06   0.0162567  0.00342068 0.000279365 1.54721e-05  0.00134332  0.00170202  0.00176946 0.000147078  0.00136612  0.00203215  0.00504103 0.000941802
 0.00201208  0.00016425 8.54489e-05 1.64897e-06   0.0055267 0.000833183 3.56837e-05 1.85766e-06 0.000359691 0.000964198 0.000186631 2.69376e-05 2.67526e-05 0.000262577  0.00086314 0.000407601
 0.00112888  0.00165196 0.000273466 1.76046e-05   0.0120039  0.00112042  0.00128936 0.000312301 0.000259735 6.75805e-05 0.000167874   0.0014704 5.13198e-06 4.64951e-06 0.000122152  0.00111266
 0.00197738  0.00122851  0.00160511 0.000242463   0.0121346  0.00148645  0.00168391 0.000646229 0.000263822 8.12542e-05 0.000393597  0.00183934 5.31321e-06 8.82044e-06 0.000281832  0.00173132
  0.0022312 9.38485e-05 8.84577e-05 1.86359e-06  0.00721811  0.00105013 6.86527e-05 6.22883e-06   0.0010124  0.00183584 0.000849491 0.000101426 4.42922e-05 0.000309847  0.00128243  0.00100693
0.000867795 2.60101e-05 0.000208691 3.83217e-06   0.0166735  0.00231144  8.1994e-05 2.33329e-06   0.0011161 0.000160789 3.26866e-05 1.61277e-05 0.000601437 0.000835444 0.000696085 0.000577656
  0.0014141 0.000734739 0.000246607 5.53701e-06   0.0167556  0.00346632 0.000299189 2.24673e-05   0.0011253 0.000307509 0.000783049 0.000384141 0.000602232 0.000849114   0.0010723  0.00165722
 0.00277372 0.000301894 0.000269431 8.15775e-06   0.0170122  0.00468287 0.000733567 6.56564e-05  0.00114125 0.000413216  0.00176467 0.000593566 0.000603104 0.000865048  0.00151263  0.00194697
 0.00143813 0.000963802 0.000499635 3.96299e-05   0.0170656  0.00486053  0.00180272 0.000681514  0.00114292 0.000423941  0.00188816  0.00218765 0.000603205 0.000867736  0.00162341  0.00310009
 0.00234802 0.000121645 0.000503348  3.9872e-05   0.0179656  0.00511702  0.00184061 0.000686161  0.00139108  0.00165421  0.00264261  0.00226098 0.000615535 0.000934906  0.00239914  0.00345246
 0.00200589 0.000133523 0.000251396 5.69944e-06   0.0174786  0.00394789 0.000320547 2.39097e-05  0.00136525  0.00140312   0.0009886 0.000408262 0.000619017    0.001025  0.00204863  0.00186972
 0.00108206  0.00119713 0.000128523 2.99336e-06  0.00348825 0.000981787 0.000164815 5.49727e-06 8.56682e-05 0.000507119 0.000341415  4.3647e-05 8.84203e-06 0.000263493  0.00234113  0.00061198
 0.00106597 0.000535208 0.000370693 3.74451e-05   0.0180747  0.00257172  0.00115791 0.000389602 0.000338652 0.000116107 0.000235212  0.00194059 6.33336e-06 5.99591e-06 0.000125304  0.00120788
0.000562904 0.000105679 0.000383598 3.82312e-05   0.0200046  0.00465095  0.00131508 0.000397551 0.000476237 0.000870078  0.00126449  0.00199375 1.22577e-05 4.61052e-05 0.000734028  0.00139144
 0.00116682  0.00151029 0.000180975 5.44033e-06  0.00361618  0.00249789 0.000539283 2.81367e-05   9.784e-05 0.000665182  0.00199576 0.000134901 1.01411e-05 0.000297764  0.00309043 0.000856597
 0.00150324 0.000783722 0.000250565 1.72913e-05   0.0153355  0.00195018  0.00149193 0.000261006 0.000294513 9.73514e-05 0.000303541  0.00100205 5.59053e-06 6.38613e-06 0.000154566  0.00103092
 0.00157072 0.000323536 0.000261336 1.76541e-05   0.0154776  0.00265208  0.00153547 0.000264311 0.000322195  0.00072567 0.000697831   0.0010649 1.09663e-05 0.000147239  0.00336469   0.0014346
 0.00125171  0.00128074 0.000323525 2.09645e-05   0.0155778  0.00417389  0.00200456  0.00029969  0.00033247 0.000851833  0.00197384  0.00124107 1.17625e-05 0.000162258   0.0037317  0.00181405
 0.00139775  0.00205192 0.000611956 4.37295e-05   0.0156392  0.00457505  0.00346079 0.000616485  0.00033507 0.000870701  0.00212358  0.00279767 1.18991e-05 0.000164915  0.00383181  0.00244788
0.000797718 0.000597162  0.00100614 8.24192e-05   0.0157218  0.00466138  0.00404439 0.000982868 0.000337015 0.000879851  0.00235573  0.00476591 1.20379e-05 0.000169632  0.00403327  0.00453105
 0.00150131 0.000687519  0.00127865  0.00147699   0.0155244  0.00268304  0.00163868  0.00125076 0.000323183 0.000728246 0.000762507  0.00197541  1.1031e-05  0.00014959  0.00347328  0.00177138
 0.00139107 0.000466017  0.00017642 3.70004e-06  0.00781881  0.00245088 0.000142273 1.09725e-05 0.000191526  0.00145028  0.00157561 0.000111236 9.54028e-06 8.33177e-05 0.000916345 0.000339134
 0.00154028  0.00147328  0.00021016 3.95908e-06   0.0137992  0.00259009  9.6357e-05 2.97503e-06 0.000344818 0.000847048 0.000163841 1.43687e-05 1.25069e-05 9.11943e-05 0.000790836  0.00012361
 0.00122425  0.00129015 0.000442068 1.01909e-05   0.0140437  0.00563065 0.000460007 2.10935e-05 0.000378908  0.00106822  0.00118905 0.000116418 1.41794e-05 0.000111263  0.00125117 0.000360934
 0.00108029  0.00111783 0.000493965 1.92714e-05  0.00788077  0.00261603  0.00185488 8.93936e-05 0.000194069  0.00149903  0.00274879 0.000466654 1.00007e-05 9.95544e-05   0.0014784  0.00157828
 0.00417966 0.000261529 0.000157631 3.29903e-06   0.0298392  0.00409361 0.000196352 6.93496e-06  0.00059837 0.000429073 0.000530077 4.69993e-05 1.32231e-05 6.33753e-05 0.000767534 0.000278674
  0.0016893 0.000219899 0.000186598 6.36161e-06   0.0305246  0.00566283 0.000829811 4.40539e-05 0.000656321  0.00078418  0.00132073 0.000185997 1.57596e-05 8.04414e-05  0.00109709 0.000473132
 0.00121205   0.0011706 0.000225093 7.41715e-06   0.0307915  0.00697345 0.000935902  4.8693e-05 0.000709008  0.00138978  0.00187456 0.000217656 2.00079e-05 0.000145602   0.0019642 0.000626431
 0.00265654 0.000232366 0.000234944 7.99346e-06   0.0312143   0.0077624  0.00104012 5.60241e-05  0.00077101  0.00188932  0.00302393 0.000271699 2.39558e-05 0.000202683  0.00275294 0.000931573
 0.00104407 0.000734925 0.000260461 8.77352e-06   0.0313926  0.00936327  0.00112058  6.1732e-05 0.000871574  0.00326204  0.00360038 0.000380304 3.23573e-05 0.000267241  0.00341036   0.0015447
 0.00174609  6.8746e-05 0.000191295 6.96653e-06   0.0312445  0.00615331 0.000922709   5.878e-05 0.000719763  0.00110109  0.00241902 0.000438187 1.84105e-05 0.000100002  0.00143417  0.00169392
0.000952648 0.000862981 0.000468939 1.29485e-05   0.0150473  0.00159886 0.000732033 4.08522e-05 0.000314507  0.00023759  0.00138025 0.000323596 6.68701e-06 1.67987e-05 0.000241092  0.00127772
 0.00239733  0.00089214 0.000440392 2.95809e-05   0.0143408   0.0028371  0.00117283 0.000238797 0.000268347 0.000111732 0.000264021 0.000504738 5.08115e-06 7.24636e-06 0.000190683 0.000302681
 0.00233216   0.0003144 0.000463367 3.19288e-05   0.0145724   0.0042129  0.00155298 0.000277467 0.000282335 0.000221903  0.00110709 0.000727142 5.92117e-06 2.33835e-05  0.00069622  0.00056657
0.000625947 0.000662895  0.00117171 9.26718e-05   0.0150695   0.0016517  0.00119513  0.00106199 0.000315224 0.000246054  0.00159356   0.0019375 6.87407e-06 2.55056e-05 0.000623395  0.00179416
0.000880067 0.000336686 0.000748787    0.001098   0.0128866  0.00134723 0.000109608   0.0013291 0.000252977 6.55036e-05 7.82005e-05  0.00127045 4.80258e-06 4.63706e-06 0.000135316 0.000738964
 0.00111773 6.98449e-05 0.000754312  0.00109864   0.0137422  0.00190803 0.000231073  0.00134082  0.00051098 0.000599443  0.00143488  0.00136858 1.32955e-05 3.14415e-05  0.00045463  0.00114791
0.000856627 0.000516539  0.00232506  0.00130007    0.013768  0.00194159 0.000598851  0.00272229 0.000511603 0.000603378  0.00153476  0.00298194 1.33471e-05  3.3258e-05 0.000533594  0.00244797
 0.00191025 0.000289611  0.00234546  0.00130122   0.0139399  0.00300346  0.00082215  0.00273179 0.000547101  0.00190104  0.00286269  0.00303865  2.4466e-05 0.000247893  0.00129133  0.00259741
  0.0025058 0.000308765  0.00237836  0.00130508   0.0142005   0.0043936  0.00145098  0.00278914 0.000560156  0.00197862  0.00379702  0.00328514 2.51319e-05 0.000259951  0.00158878  0.00289177
 0.00213078 0.000269467 0.000763302  0.00109892   0.0143415  0.00256747  0.00026238  0.00134318 0.000697549  0.00188851  0.00184978  0.00140079 3.06205e-05 0.000171054  0.00160509   0.0013793
